1 0 0 0.00 0.00 0.00 480 625
2 0 0 0.00 0.00 0.00 480 515
3 0 0 0.00 0.00 0.00 485 535
4 0 0 0.00 0.00 0.00 490 525
5 0 0 0.00 0.00 0.00 460 470
1 0 0 0.00 0.00 0.00 55 75
2 0 0 0.00 0.00 0.00 55 85
3 43382 27 357145.13 17949.46 28.91 20741 647
4 0 0 0.00 0.00 0.00 55 55
5 0 0 0.00 0.00 0.00 50 55
1 0 0 0.00 0.00 0.00 55 70
2 0 0 0.00 0.00 0.00 55 55
3 64150 4 612460.48 49610.85 5.87 32392 591
4 0 0 0.00 0.00 0.00 55 60
5 0 0 0.00 0.00 0.00 55 50
1 0 0 0.00 0.00 0.00 55 75
2 0 0 0.00 0.00 0.00 55 60
3 64138 4 655200.39 61936.76 5.82 29500 546
4 0 0 0.00 0.00 0.00 55 65
5 0 0 0.00 0.00 0.00 50 50
1 0 0 0.00 0.00 0.00 55 75
2 0 0 0.00 0.00 0.00 55 55
3 64066 4 420149.69 80984.46 5.90 38332 529
4 0 0 0.00 0.00 0.00 55 60
5 0 0 0.00 0.00 0.00 55 55
1 0 0 0.00 0.00 0.00 55 70
2 0 0 0.00 0.00 0.00 55 60
3 64114 4 363553.47 67271.59 5.90 31895 522
4 0 0 0.00 0.00 0.00 55 60
5 0 0 0.00 0.00 0.00 55 50
1 0 0 0.00 0.00 0.00 55 75
2 0 0 0.00 0.00 0.00 55 60
3 64174 4 361781.28 67160.58 5.82 31861 497
4 0 0 0.00 0.00 0.00 50 55
5 0 0 0.00 0.00 0.00 50 65
1 0 0 0.00 0.00 0.00 55 70
2 0 0 0.00 0.00 0.00 55 55
3 64078 4 225682.39 70569.57 5.85 33465 502
4 0 0 0.00 0.00 0.00 55 50
5 0 0 0.00 0.00 0.00 50 50
1 0 0 0.00 0.00 0.00 55 75
2 0 0 0.00 0.00 0.00 55 60
3 64090 4 143745.59 70256.26 5.90 33251 522
4 0 0 0.00 0.00 0.00 55 60
5 0 0 0.00 0.00 0.00 50 50
1 0 0 0.00 0.00 0.00 55 75
2 0 0 0.00 0.00 0.00 55 60
3 64102 4 80304.63 65776.72 5.87 31220 512
4 0 0 0.00 0.00 0.00 55 60
5 0 0 0.00 0.00 0.00 50 50
1 0 0 0.00 0.00 0.00 55 75
2 0 0 0.00 0.00 0.00 55 60
3 64126 4 163870.85 63839.13 5.85 30171 502
4 0 0 0.00 0.00 0.00 55 60
5 0 0 0.00 0.00 0.00 50 50
1 0 0 0.00 0.00 0.00 55 70
2 0 0 0.00 0.00 0.00 55 60
3 64127 38 33296.79 72436.40 40.01 34371 564
4 0 0 0.00 0.00 0.00 55 60
5 0 0 0.00 0.00 0.00 50 80
1 0 0 0.00 0.00 0.00 55 75
2 0 0 0.00 0.00 0.00 55 55
3 64649 75 67240.79 61891.11 78.69 29544 641
4 0 0 0.00 0.00 0.00 55 55
5 0 0 0.00 0.00 0.00 50 55
1 0 0 0.00 0.00 0.00 55 75
2 0 0 0.00 0.00 0.00 55 60
3 64080 15 165533.66 60609.98 16.71 28819 550
4 0 0 0.00 0.00 0.00 55 60
5 0 0 0.00 0.00 0.00 50 50
1 0 0 0.00 0.00 0.00 55 75
2 0 0 0.00 0.00 0.00 55 60
3 64104 7 55783.92 65445.62 8.56 31031 514
4 0 0 0.00 0.00 0.00 55 60
5 0 0 0.00 0.00 0.00 50 50
1 0 0 0.00 0.00 0.00 55 70
2 0 0 0.00 0.00 0.00 55 60
3 64150 5 125543.53 62339.52 6.98 29810 492
4 0 0 0.00 0.00 0.00 55 60
5 0 0 0.00 0.00 0.00 50 50
1 0 0 0.00 0.00 0.00 55 75
2 0 0 0.00 0.00 0.00 55 55
3 64066 4 17342.95 72262.12 5.85 34251 507
4 0 0 0.00 0.00 0.00 55 60
5 0 0 0.00 0.00 0.00 50 80
1 0 0 0.00 0.00 0.00 55 75
2 0 0 0.00 0.00 0.00 55 60
3 64102 4 12506.83 64371.97 5.87 30649 507
4 0 0 0.00 0.00 0.00 55 55
5 0 0 0.00 0.00 0.00 50 60
1 0 0 0.00 0.00 0.00 55 75
2 0 0 0.00 0.00 0.00 55 60
3 64186 4 8588.36 63178.02 5.85 30045 502
4 0 0 0.00 0.00 0.00 55 60
5 0 0 0.00 0.00 0.00 50 50
1 0 0 0.00 0.00 0.00 55 70
2 0 0 0.00 0.00 0.00 55 60
3 64102 4 27704.87 64606.26 5.87 30975 512
4 0 0 0.00 0.00 0.00 55 60
5 0 0 0.00 0.00 0.00 50 50
1 0 0 0.00 0.00 0.00 55 70
2 0 0 0.00 0.00 0.00 55 60
3 64150 4 995.77 65079.70 5.87 30811 512
4 0 0 0.00 0.00 0.00 55 60
5 0 0 0.00 0.00 0.00 55 50
1 0 0 0.00 0.00 0.00 55 75
2 0 0 0.00 0.00 0.00 55 55
3 64090 4 138565.64 53515.93 5.82 25267 492
4 0 0 0.00 0.00 0.00 55 60
5 0 0 0.00 0.00 0.00 50 65
1 0 0 0.00 0.00 0.00 55 70
2 0 0 0.00 0.00 0.00 55 60
3 64078 4 53640.61 75734.05 5.85 35858 507
4 0 0 0.00 0.00 0.00 55 55
5 0 0 0.00 0.00 0.00 50 55
1 0 0 0.00 0.00 0.00 55 75
2 0 0 0.00 0.00 0.00 55 60
3 64102 4 104903.15 61104.64 5.87 29126 512
4 0 0 0.00 0.00 0.00 55 60
5 0 0 0.00 0.00 0.00 50 50
1 0 0 0.00 0.00 0.00 55 70
2 0 0 0.00 0.00 0.00 55 60
3 64090 4 122996.73 57511.81 5.80 27201 492
4 0 0 0.00 0.00 0.00 55 60
5 0 0 0.00 0.00 0.00 55 50
1 0 0 0.00 0.00 0.00 50 50
2 0 0 0.00 0.00 0.00 55 60
3 64138 4 217524.37 62376.37 5.85 29455 502
4 0 0 0.00 0.00 0.00 55 60
5 0 0 0.00 0.00 0.00 55 60
1 0 0 0.00 0.00 0.00 55 70
2 0 0 0.00 0.00 0.00 55 55
3 64078 4 7607.67 74222.86 5.87 34958 512
4 0 0 0.00 0.00 0.00 55 60
5 0 0 0.00 0.00 0.00 50 60
1 0 0 0.00 0.00 0.00 55 75
2 0 0 0.00 0.00 0.00 55 60
3 64114 4 154639.22 55569.29 5.85 26427 507
4 0 0 0.00 0.00 0.00 55 55
5 0 0 0.00 0.00 0.00 50 65
1 0 0 0.00 0.00 0.00 55 70
2 0 0 0.00 0.00 0.00 55 60
3 64138 4 42465.75 70747.91 5.85 33404 507
4 0 0 0.00 0.00 0.00 55 60
5 0 0 0.00 0.00 0.00 50 50
1 0 0 0.00 0.00 0.00 55 75
2 0 0 0.00 0.00 0.00 55 60
3 64270 4 49166.27 69390.63 5.90 33050 522
4 0 0 0.00 0.00 0.00 55 60
5 0 0 0.00 0.00 0.00 50 50
1 0 0 0.00 0.00 0.00 55 70
2 0 0 0.00 0.00 0.00 55 60
3 63982 4 206834.96 51920.47 5.85 24724 507
4 0 0 0.00 0.00 0.00 55 60
5 0 0 0.00 0.00 0.00 50 50
1 0 0 0.00 0.00 0.00 55 75
2 0 0 0.00 0.00 0.00 55 60
3 64078 4 373096.84 50650.07 5.82 23995 492
4 0 0 0.00 0.00 0.00 55 60
5 0 0 0.00 0.00 0.00 50 70
1 0 0 0.00 0.00 0.00 55 70
2 0 0 0.00 0.00 0.00 55 55
3 64174 4 17089.25 87355.18 5.87 41403 517
4 0 0 0.00 0.00 0.00 55 55
5 0 0 0.00 0.00 0.00 50 65
1 0 0 0.00 0.00 0.00 55 70
2 0 0 0.00 0.00 0.00 55 60
3 64066 4 843.28 67662.54 5.87 32293 517
4 0 0 0.00 0.00 0.00 55 60
5 0 0 0.00 0.00 0.00 50 50
1 0 0 0.00 0.00 0.00 55 75
2 0 0 0.00 0.00 0.00 55 60
3 64090 4 141900.31 54020.75 5.85 25676 502
4 0 0 0.00 0.00 0.00 55 60
5 0 0 0.00 0.00 0.00 50 50
1 0 0 0.00 0.00 0.00 55 75
2 0 0 0.00 0.00 0.00 55 60
3 64130 5 567681.29 36083.35 7.11 17074 492
4 0 0 0.00 0.00 0.00 55 60
5 0 0 0.00 0.00 0.00 50 50
1 0 0 0.00 0.00 0.00 55 70
2 0 0 0.00 0.00 0.00 55 55
3 64138 4 1255720.02 20187.99 5.80 9658 477
4 0 0 0.00 0.00 0.00 55 60
5 0 0 0.00 0.00 0.00 50 50
1 0 0 0.00 0.00 0.00 55 70
2 0 0 0.00 0.00 0.00 55 60
3 64079 5 1942706.79 20148.99 6.87 9634 482
4 0 0 0.00 0.00 0.00 55 55
5 0 0 0.00 0.00 0.00 50 70
1 0 0 0.00 0.00 0.00 55 75
2 0 0 0.00 0.00 0.00 55 60
3 64102 5 2629874.59 20188.01 6.87 9658 477
4 0 0 0.00 0.00 0.00 55 60
5 0 0 0.00 0.00 0.00 50 50
1 0 0 0.00 0.00 0.00 55 75
2 0 0 0.00 0.00 0.00 55 60
3 64198 4 3318781.64 20149.05 5.80 9634 482
4 0 0 0.00 0.00 0.00 55 60
5 0 0 0.00 0.00 0.00 50 50
1 0 0 0.00 0.00 0.00 55 70
2 0 0 0.00 0.00 0.00 55 60
3 64042 5 3968564.04 20053.31 6.87 9594 472
4 0 0 0.00 0.00 0.00 55 60
5 0 0 0.00 0.00 0.00 50 50
1 0 0 0.00 0.00 0.00 55 70
2 0 0 0.00 0.00 0.00 55 55
3 64139 14 3970666.89 20115.30 15.56 9626 520
4 0 0 0.00 0.00 0.00 55 60
5 0 0 0.00 0.00 0.00 50 60
1 0 0 0.00 0.00 0.00 55 75
2 0 0 0.00 0.00 0.00 55 60
3 64115 23 3978211.74 20036.28 24.77 9578 542
4 0 0 0.00 0.00 0.00 55 55
5 0 0 0.00 0.00 0.00 55 60
1 0 0 0.00 0.00 0.00 55 70
2 0 0 0.00 0.00 0.00 55 60
3 64186 4 3979531.58 20132.21 5.78 9634 477
4 0 0 0.00 0.00 0.00 55 60
5 0 0 0.00 0.00 0.00 50 50
1 0 0 0.00 0.00 0.00 50 75
2 0 0 0.00 0.00 0.00 55 60
3 64032 9 3978467.30 20069.98 11.06 9594 452
4 0 0 0.00 0.00 0.00 55 60
5 0 0 0.00 0.00 0.00 50 50
1 0 0 0.00 0.00 0.00 55 50
2 0 0 0.00 0.00 0.00 55 60
3 64198 13 3984096.27 19980.55 15.08 9554 532
4 0 0 0.00 0.00 0.00 55 60
5 0 0 0.00 0.00 0.00 55 50
1 0 0 0.00 0.00 0.00 55 70
2 0 0 0.00 0.00 0.00 50 50
3 64174 8 3981495.59 20120.53 9.71 9626 487
4 0 0 0.00 0.00 0.00 55 60
5 0 0 0.00 0.00 0.00 50 50
1 0 0 0.00 0.00 0.00 55 70
2 0 0 0.00 0.00 0.00 55 55
3 64090 4 3988542.73 19946.95 5.78 9538 467
4 0 0 0.00 0.00 0.00 55 55
5 0 0 0.00 0.00 0.00 55 65
1 0 0 0.00 0.00 0.00 55 70
2 0 0 0.00 0.00 0.00 55 60
3 64077 4 3997038.37 19901.76 5.78 9522 487
4 0 0 0.00 0.00 0.00 55 60
5 0 0 0.00 0.00 0.00 55 50
1 0 0 0.00 0.00 0.00 55 75
2 0 0 0.00 0.00 0.00 55 60
3 64126 8 4002318.31 19930.16 9.67 9530 483
4 0 0 0.00 0.00 0.00 55 60
5 0 0 0.00 0.00 0.00 50 50
1 0 0 0.00 0.00 0.00 55 75
2 0 0 0.00 0.00 0.00 55 60
3 64175 5 4005318.19 20036.47 6.68 9594 472
4 0 0 0.00 0.00 0.00 55 60
5 0 0 0.00 0.00 0.00 55 55
1 0 0 0.00 0.00 0.00 55 70
2 0 0 0.00 0.00 0.00 55 60
3 64030 4 4007844.24 19845.92 5.78 9482 467
4 0 0 0.00 0.00 0.00 55 60
5 0 0 0.00 0.00 0.00 50 55
1 0 0 0.00 0.00 0.00 55 70
2 0 0 0.00 0.00 0.00 60 108
3 3535 4 3999293.25 20120.60 6.18 9634 482
4 0 0 0.00 0.00 0.00 55 55
5 0 0 0.00 0.00 0.00 50 50
1 0 0 0.00 0.00 0.00 55 75
2 0 0 0.00 0.00 0.00 55 55
3 1174 4 4007016.08 19735.14 5.80 9437 472
4 0 0 0.00 0.00 0.00 55 60
5 0 0 0.00 0.00 0.00 50 50
1 0 0 0.00 0.00 0.00 55 70
2 0 0 0.00 0.00 0.00 55 60
3 71 4 4046647.81 19198.14 5.77 9179 445
4 0 0 0.00 0.00 0.00 55 60
5 0 0 0.00 0.00 0.00 50 50
1 0 0 0.00 0.00 0.00 55 70
2 0 0 0.00 0.00 0.00 55 60
3 0 5 4079286.50 19340.63 6.30 9258 462
4 0 0 0.00 0.00 0.00 55 60
5 0 0 0.00 0.00 0.00 50 50
1 0 0 0.00 0.00 0.00 55 75
2 0 0 0.00 0.00 0.00 55 60
3 78 32 0.00 4888.43 34.78 2445 374
4 0 0 0.00 0.00 0.00 55 60
5 0 0 0.00 0.00 0.00 50 50
1 0 0 0.00 0.00 0.00 55 70
2 0 0 0.00 0.00 0.00 60 108
3 0 0 252.00 0.46 0.57 65 65
4 0 0 0.00 0.00 0.00 50 50
5 0 0 0.00 0.00 0.00 50 55
1 0 0 0.00 0.00 0.00 55 75
2 0 0 0.00 0.00 0.00 55 55
3 55 21 876.00 56.71 23.13 219 262
4 0 0 0.00 0.00 0.00 55 55
5 0 0 0.00 0.00 0.00 50 50
1 0 0 0.00 0.00 0.00 55 70
2 0 0 0.00 0.00 0.00 55 60
3 57 5 0.00 57.90 5.74 154 109
4 0 0 0.00 0.00 0.00 55 60
5 0 0 0.00 0.00 0.00 50 50
1 0 0 0.00 0.00 0.00 55 75
2 0 0 0.00 0.00 0.00 55 60
3 0 0 0.00 0.00 0.00 55 60
4 0 0 0.00 0.00 0.00 55 60
5 0 0 0.00 0.00 0.00 50 50
1 0 0 0.00 0.00 0.00 55 75
2 0 0 0.00 0.00 0.00 55 60
3 8 6 400.00 8.59 7.35 103 211
4 0 0 0.00 0.00 0.00 55 60
5 0 0 0.00 0.00 0.00 50 50
1 0 0 0.00 0.00 0.00 55 70
2 0 0 0.00 0.00 0.00 65 103
3 124 24 665.50 126.81 26.78 327 308
4 0 0 0.00 0.00 0.00 55 60
5 0 0 0.00 0.00 0.00 50 80
1 0 0 0.00 0.00 0.00 50 50
2 0 0 0.00 0.00 0.00 55 60
3 80 21 0.00 82.26 23.79 248 253
4 0 0 0.00 0.00 0.00 55 55
5 0 0 0.00 0.00 0.00 55 60
1 0 0 0.00 0.00 0.00 55 70
2 0 0 0.00 0.00 0.00 55 60
3 14 17 612.00 15.14 19.81 145 266
4 0 0 0.00 0.00 0.00 55 60
5 0 0 0.00 0.00 0.00 50 50
1 0 0 0.00 0.00 0.00 55 70
2 0 0 0.00 0.00 0.00 55 60
3 130 31 395.00 132.50 34.48 354 316
4 0 0 0.00 0.00 0.00 55 60
5 0 0 0.00 0.00 0.00 50 50
1 0 0 0.00 0.00 0.00 55 70
2 0 0 0.00 0.00 0.00 55 60
3 69 24 99.33 71.22 25.05 226 243
4 0 0 0.00 0.00 0.00 55 60
5 0 0 0.00 0.00 0.00 50 50
1 0 0 0.00 0.00 0.00 55 75
2 0 0 0.00 0.00 0.00 60 108
3 59 15 0.00 60.26 17.14 181 184
4 0 0 0.00 0.00 0.00 55 60
5 0 0 0.00 0.00 0.00 50 50
1 0 0 0.00 0.00 0.00 55 75
2 0 0 0.00 0.00 0.00 55 60
3 0 0 0.00 0.00 0.00 55 55
4 0 0 0.00 0.00 0.00 55 55
5 0 0 0.00 0.00 0.00 50 50
1 0 0 0.00 0.00 0.00 55 70
2 0 0 0.00 0.00 0.00 55 60
3 62 13 3776.43 63.80 14.42 198 290
4 0 0 0.00 0.00 0.00 55 60
5 0 0 0.00 0.00 0.00 50 50
1 0 0 0.00 0.00 0.00 55 70
2 0 0 0.00 0.00 0.00 55 60
3 78 31 193.00 80.67 34.30 291 479
4 0 0 0.00 0.00 0.00 55 60
5 0 0 0.00 0.00 0.00 50 50
1 0 0 0.00 0.00 0.00 55 70
2 0 0 0.00 0.00 0.00 55 60
3 57 29 262.50 59.74 31.05 219 344
4 0 0 0.00 0.00 0.00 55 60
5 0 0 0.00 0.00 0.00 50 50
1 0 0 0.00 0.00 0.00 55 75
2 0 0 0.00 0.00 0.00 60 55
3 129 40 669.00 131.38 42.97 293 370
4 0 0 0.00 0.00 0.00 55 60
5 0 0 0.00 0.00 0.00 55 60
1 0 0 0.00 0.00 0.00 55 75
2 0 0 0.00 0.00 0.00 55 60
3 111 16 0.00 112.50 18.54 195 200
4 0 0 0.00 0.00 0.00 55 55
5 0 0 0.00 0.00 0.00 55 60
1 0 0 0.00 0.00 0.00 55 70
2 0 0 0.00 0.00 0.00 55 60
3 65 16 0.00 66.18 17.82 170 208
4 0 0 0.00 0.00 0.00 55 60
5 0 0 0.00 0.00 0.00 50 50
1 0 0 0.00 0.00 0.00 55 70
2 0 0 0.00 0.00 0.00 55 60
3 0 0 0.00 0.00 0.00 55 60
4 0 0 0.00 0.00 0.00 55 60
5 0 0 0.00 0.00 0.00 50 50
1 0 0 0.00 0.00 0.00 55 75
2 0 0 0.00 0.00 0.00 55 60
3 0 0 0.00 0.00 0.00 55 60
4 0 0 0.00 0.00 0.00 55 60
5 0 0 0.00 0.00 0.00 50 50
1 0 0 0.00 0.00 0.00 55 75
2 0 0 0.00 0.00 0.00 60 64
3 0 0 0.00 0.00 0.00 55 60
4 0 0 0.00 0.00 0.00 55 60
5 0 0 0.00 0.00 0.00 50 55
1 0 0 0.00 0.00 0.00 55 70
2 0 0 0.00 0.00 0.00 55 60
3 0 0 0.00 0.00 0.00 50 50
4 0 0 0.00 0.00 0.00 55 55
5 0 0 0.00 0.00 0.00 55 60
1 0 0 0.00 0.00 0.00 55 70
2 0 0 0.00 0.00 0.00 55 60
3 61 16 222.00 63.45 17.69 227 341
4 0 0 0.00 0.00 0.00 55 60
5 0 0 0.00 0.00 0.00 55 50
1 0 0 0.00 0.00 0.00 55 75
2 0 0 0.00 0.00 0.00 55 60
3 4 2 376.50 4.95 2.63 88 96
4 0 0 0.00 0.00 0.00 55 60
5 0 0 0.00 0.00 0.00 50 50
1 0 0 0.00 0.00 0.00 50 50
2 0 0 0.00 0.00 0.00 55 60
3 74 31 1079.00 76.29 34.16 283 492
4 0 0 0.00 0.00 0.00 55 60
5 0 0 0.00 0.00 0.00 50 50
1 0 0 0.00 0.00 0.00 55 70
2 0 0 0.00 0.00 0.00 55 55
3 57 60 172.00 58.90 64.00 232 462
4 0 0 0.00 0.00 0.00 55 60
5 0 0 0.00 0.00 0.00 50 50
1 0 0 0.00 0.00 0.00 55 75
2 0 0 0.00 0.00 0.00 55 60
3 651 117 375.00 682.10 122.13 850 649
4 0 0 0.00 0.00 0.00 55 55
5 0 0 0.00 0.00 0.00 55 65
1 0 0 0.00 0.00 0.00 55 70
2 0 0 0.00 0.00 0.00 55 60
3 73 33 586.00 75.16 36.71 229 306
4 0 0 0.00 0.00 0.00 55 60
5 0 0 0.00 0.00 0.00 50 50
1 0 0 0.00 0.00 0.00 55 70
2 0 0 0.00 0.00 0.00 55 60
3 68 26 0.00 70.42 27.82 222 265
4 0 0 0.00 0.00 0.00 55 60
5 0 0 0.00 0.00 0.00 50 50
1 0 0 0.00 0.00 0.00 55 75
2 0 0 0.00 0.00 0.00 55 60
3 57 4 0.00 57.70 4.62 123 109
4 0 0 0.00 0.00 0.00 55 60
5 0 0 0.00 0.00 0.00 50 50
1 0 0 0.00 0.00 0.00 55 70
2 0 0 0.00 0.00 0.00 55 60
3 0 0 0.00 0.00 0.00 55 60
4 0 0 0.00 0.00 0.00 55 60
5 0 0 0.00 0.00 0.00 50 55
1 0 0 0.00 0.00 0.00 55 75
2 0 0 0.00 0.00 0.00 55 55
3 67 17 503.20 70.70 19.71 237 375
4 0 0 0.00 0.00 0.00 55 55
5 0 0 0.00 0.00 0.00 50 55
1 0 0 0.00 0.00 0.00 55 70
2 0 0 0.00 0.00 0.00 55 60
3 52 21 434.00 54.02 23.60 180 347
4 0 0 0.00 0.00 0.00 55 60
5 0 0 0.00 0.00 0.00 50 50
1 0 0 0.00 0.00 0.00 55 75
2 0 0 0.00 0.00 0.00 55 60
3 75 29 303.00 76.93 31.48 251 443
4 0 0 0.00 0.00 0.00 55 60
5 0 0 0.00 0.00 0.00 50 50
1 0 0 0.00 0.00 0.00 55 70
2 0 0 0.00 0.00 0.00 55 60
3 0 0 0.00 1.15 0.86 75 85
4 0 0 0.00 0.00 0.00 55 60
5 0 0 0.00 0.00 0.00 50 50
1 0 0 0.00 0.00 0.00 55 70
2 0 0 0.00 0.00 0.00 55 55
3 0 0 0.00 0.00 0.00 55 60
4 0 0 0.00 0.00 0.00 55 60
5 0 0 0.00 0.00 0.00 50 60
1 0 0 0.00 0.00 0.00 55 70
2 0 0 0.00 0.00 0.00 55 60
3 0 0 0.00 0.00 0.00 55 75
4 0 0 0.00 0.00 0.00 55 55
5 0 0 0.00 0.00 0.00 50 75
1 0 0 0.00 0.00 0.00 55 75
2 0 0 0.00 0.00 0.00 55 60
3 0 0 0.00 0.00 0.00 60 55
4 0 0 0.00 0.00 0.00 55 60
5 0 0 0.00 0.00 0.00 50 50
1 0 0 0.00 0.00 0.00 55 70
2 0 0 0.00 0.00 0.00 55 60
3 0 0 0.00 0.00 0.00 50 60
4 0 0 0.00 0.00 0.00 55 60
5 0 0 0.00 0.00 0.00 50 50
1 0 0 0.00 0.00 0.00 55 75
2 0 0 0.00 0.00 0.00 55 60
3 0 0 0.00 0.00 0.00 55 60
4 0 0 0.00 0.00 0.00 55 60
5 0 0 0.00 0.00 0.00 50 50
1 0 0 0.00 0.00 0.00 55 70
2 0 0 0.00 0.00 0.00 50 50
3 0 0 0.00 0.00 0.00 55 65
4 0 0 0.00 0.00 0.00 55 60
5 0 0 0.00 0.00 0.00 50 60
1 0 0 0.00 0.00 0.00 55 75
2 0 0 0.00 0.00 0.00 55 55
3 0 0 0.00 0.00 0.00 55 65
4 0 0 0.00 0.00 0.00 55 55
5 0 0 0.00 0.00 0.00 50 75
1 0 0 0.00 0.00 0.00 55 75
2 0 0 0.00 0.00 0.00 55 60
3 0 0 0.00 0.00 0.00 55 55
4 0 0 0.00 0.00 0.00 55 60
5 0 0 0.00 0.00 0.00 55 50
1 0 0 0.00 0.00 0.00 50 50
2 0 0 0.00 0.00 0.00 55 60
3 0 0 0.00 0.00 0.00 55 60
4 0 0 0.00 0.00 0.00 55 60
5 0 0 0.00 0.00 0.00 50 50
1 0 0 0.00 0.00 0.00 55 70
2 0 0 0.00 0.00 0.00 55 60
3 0 0 0.00 0.00 0.00 55 60
4 0 0 0.00 0.00 0.00 55 60
5 0 0 0.00 0.00 0.00 50 50
1 0 0 0.00 0.00 0.00 55 75
2 0 0 0.00 0.00 0.00 55 60
3 0 0 0.00 0.00 0.00 55 60
4 0 0 0.00 0.00 0.00 55 60
5 0 0 0.00 0.00 0.00 50 50
1 0 0 0.00 0.00 0.00 55 70
2 0 0 0.00 0.00 0.00 55 65
3 0 0 0.00 0.00 0.00 55 70
4 0 0 0.00 0.00 0.00 55 55
5 0 0 0.00 0.00 0.00 50 70
1 0 0 0.00 0.00 0.00 55 75
2 0 0 0.00 0.00 0.00 55 55
3 0 0 0.00 0.00 0.00 55 55
4 0 0 0.00 0.00 0.00 55 60
5 0 0 0.00 0.00 0.00 50 50
1 0 0 0.00 0.00 0.00 55 70
2 0 0 0.00 0.00 0.00 55 60
3 0 0 0.00 0.00 0.00 55 60
4 0 0 0.00 0.00 0.00 55 60
5 0 0 0.00 0.99 1.10 65 74
1 0 0 0.00 0.00 0.00 55 70
2 0 0 0.00 0.00 0.00 55 60
3 0 0 0.00 0.00 0.00 55 60
4 0 0 0.00 0.00 0.00 55 60
5 0 0 0.00 0.00 0.00 50 50
1 0 0 0.00 0.00 0.00 55 70
2 0 0 0.00 0.00 0.00 55 60
3 0 0 0.00 0.00 0.00 55 60
4 0 0 0.00 0.00 0.00 55 60
5 0 0 0.00 0.00 0.00 50 50
1 0 0 0.00 0.00 0.00 55 70
2 0 0 0.00 0.00 0.00 55 55
3 0 0 0.00 0.00 0.00 55 60
4 0 0 0.00 0.00 0.00 50 50
5 0 0 0.00 0.00 0.00 50 50
1 0 0 0.00 0.00 0.00 55 75
2 0 0 0.00 0.00 0.00 55 60
3 0 0 0.00 0.00 0.00 55 55
4 0 0 0.00 0.00 0.00 55 55
5 0 0 0.00 0.00 0.00 50 50
1 0 0 0.00 0.00 0.00 55 75
2 0 0 0.00 0.00 0.00 55 60
3 0 0 0.00 0.00 0.00 60 60
4 0 0 0.00 0.00 0.00 55 60
5 0 0 0.00 0.00 0.00 50 50
1 0 0 0.00 0.00 0.00 55 70
2 0 0 0.00 0.00 0.00 55 60
3 1 1 0.00 2.20 1.72 75 107
4 0 0 0.00 0.00 0.00 55 60
5 0 0 0.00 0.00 0.00 50 50
1 0 0 0.00 0.00 0.00 55 70
2 0 0 0.00 0.00 0.00 55 60
3 0 0 0.00 0.00 0.00 55 60
4 0 0 0.00 0.00 0.00 55 60
5 0 0 0.00 0.00 0.00 50 50
1 0 0 0.00 0.00 0.00 55 70
2 0 0 0.00 0.00 0.00 55 55
3 0 0 0.00 0.00 0.00 55 60
4 0 0 0.00 0.00 0.00 55 60
5 0 0 0.00 0.00 0.00 55 65
1 0 0 0.00 0.00 0.00 55 70
2 0 0 0.00 0.00 0.00 55 60
3 0 0 0.00 0.00 0.00 55 60
4 0 0 0.00 0.00 0.00 55 55
5 0 0 0.00 0.00 0.00 50 55
1 0 0 0.00 0.00 0.00 50 50
2 0 0 0.00 0.00 0.00 55 60
3 0 0 0.00 0.00 0.00 55 60
4 0 0 0.00 0.00 0.00 55 60
5 0 0 0.00 0.00 0.00 50 50
1 0 0 0.00 0.00 0.00 55 70
2 0 0 0.00 0.00 0.00 55 60
3 0 0 0.00 0.00 0.00 55 60
4 0 0 0.00 0.00 0.00 55 60
5 0 0 0.00 0.00 0.00 50 50
1 0 0 0.00 0.00 0.00 55 75
2 0 0 0.00 0.00 0.00 55 60
3 0 0 0.00 0.00 0.00 55 60
4 0 0 0.00 0.00 0.00 55 60
5 0 0 0.00 0.00 0.00 50 50
1 0 0 0.00 0.00 0.00 55 75
2 0 0 0.00 0.00 0.00 55 60
3 0 0 0.00 0.00 0.00 55 70
4 0 0 0.00 0.00 0.00 55 60
5 0 0 0.00 0.00 0.00 55 75
1 0 0 0.00 0.00 0.00 55 70
2 0 0 0.00 0.00 0.00 55 55
3 0 0 0.00 0.00 0.00 55 65
4 0 0 0.00 0.00 0.00 55 55
5 0 0 0.00 0.00 0.00 50 55
1 0 0 0.00 0.00 0.00 55 70
2 0 0 0.00 0.00 0.00 55 60
3 0 0 0.00 0.00 0.00 55 60
4 0 0 0.00 0.00 0.00 55 60
5 0 0 0.00 0.00 0.00 50 50
1 0 0 0.00 0.00 0.00 55 70
2 0 0 0.00 0.00 0.00 55 60
3 0 0 0.00 0.00 0.00 55 60
4 0 0 0.00 0.00 0.00 55 60
5 0 0 0.00 0.00 0.00 55 50
1 0 0 0.00 0.00 0.00 55 70
2 0 0 0.00 0.00 0.00 55 60
3 0 0 0.00 0.00 0.00 55 60
4 0 0 0.00 0.00 0.00 55 60
5 0 0 0.00 0.00 0.00 50 50
1 0 0 0.00 0.00 0.00 55 80
2 0 0 0.00 0.00 0.00 55 75
3 0 0 0.00 0.00 0.00 55 75
4 0 0 0.00 0.00 0.00 55 60
5 0 0 0.00 0.00 0.00 50 70
1 0 0 0.00 0.00 0.00 55 70
2 0 0 0.00 0.00 0.00 55 60
3 0 0 0.00 0.00 0.00 55 55
4 0 0 0.00 0.00 0.00 55 55
5 0 0 0.00 0.00 0.00 50 55
1 0 0 0.00 0.00 0.00 55 70
2 0 0 0.00 0.00 0.00 55 60
3 0 0 0.00 0.00 0.00 55 60
4 0 0 0.00 0.00 0.00 55 60
5 0 0 0.00 0.00 0.00 50 50
1 0 0 0.00 0.00 0.00 55 75
2 0 0 0.00 0.00 0.00 55 60
3 0 0 0.00 0.00 0.00 55 60
4 0 0 0.00 0.00 0.00 55 60
5 0 0 0.00 0.00 0.00 50 50
1 0 0 0.00 0.00 0.00 55 75
2 0 0 0.00 0.00 0.00 55 60
3 0 0 0.00 0.00 0.00 55 60
4 0 0 0.00 0.00 0.00 55 60
5 0 0 0.00 0.00 0.00 50 50
1 0 0 0.00 0.00 0.00 55 70
2 0 0 0.00 0.00 0.00 55 55
3 0 0 0.00 0.00 0.00 55 60
4 0 0 0.00 0.00 0.00 55 60
5 0 0 0.00 0.00 0.00 50 50
1 0 0 0.00 0.00 0.00 55 75
2 0 0 0.00 0.00 0.00 55 60
3 0 0 0.00 0.00 0.00 50 50
4 0 0 0.00 0.00 0.00 55 55
5 0 0 0.00 0.00 0.00 50 55
1 0 0 0.00 0.00 0.00 55 70
2 0 0 0.00 0.00 0.00 55 60
3 0 0 0.00 0.00 0.00 55 55
4 0 0 0.00 0.00 0.00 55 60
5 0 0 0.00 0.00 0.00 50 50
1 0 0 0.00 0.00 0.00 55 70
2 0 0 0.00 0.00 0.00 55 60
3 0 0 0.00 0.00 0.00 55 60
4 0 0 0.00 0.00 0.00 55 60
5 0 0 0.00 0.00 0.00 50 50
1 0 0 0.00 0.00 0.00 55 75
2 0 0 0.00 0.00 0.00 55 60
3 0 0 0.00 0.00 0.00 55 60
4 0 0 0.00 0.00 0.00 55 60
5 0 0 0.00 0.00 0.00 50 50
1 0 0 0.00 0.00 0.00 55 70
2 0 0 0.00 0.00 0.00 55 55
3 0 0 0.00 0.00 0.00 55 60
4 0 0 0.00 0.00 0.00 55 60
5 0 0 0.00 0.00 0.00 50 50
1 0 0 0.00 0.00 0.00 50 50
2 0 0 0.00 0.00 0.00 55 60
3 0 0 0.00 0.00 0.00 55 60
4 0 0 0.00 0.00 0.00 55 55
5 0 0 0.00 0.00 0.00 50 60
1 0 0 0.00 0.00 0.00 55 70
2 0 0 0.00 0.00 0.00 55 60
3 0 0 0.00 0.00 0.00 55 55
4 0 0 0.00 0.00 0.00 55 60
5 0 0 0.00 0.00 0.00 55 50
1 0 0 0.00 0.00 0.00 55 75
2 0 0 0.00 0.00 0.00 55 60
3 0 0 0.00 0.00 0.00 55 60
4 0 0 0.00 0.00 0.00 55 60
5 0 0 0.00 0.00 0.00 50 50
1 0 0 0.00 0.00 0.00 55 70
2 0 0 0.00 0.00 0.00 55 60
3 0 0 0.00 0.00 0.00 55 60
4 0 0 0.00 0.00 0.00 55 60
5 0 0 0.00 0.00 0.00 50 50
1 0 0 0.00 0.00 0.00 55 75
2 0 0 0.00 0.00 0.00 55 60
3 0 0 0.00 0.00 0.00 55 70
4 0 0 0.00 0.00 0.00 55 60
5 0 0 0.00 0.00 0.00 50 60
1 0 0 0.00 0.00 0.00 55 70
2 0 0 0.00 0.00 0.00 55 60
3 0 0 0.00 0.00 0.00 55 55
4 0 0 0.00 0.00 0.00 55 55
5 0 0 0.00 0.00 0.00 50 55
1 0 0 0.00 0.00 0.00 55 70
2 0 0 0.00 0.00 0.00 55 60
3 0 0 0.00 0.00 0.00 55 55
4 0 0 0.00 0.00 0.00 55 60
5 0 0 0.00 0.00 0.00 50 50
1 0 0 0.00 0.00 0.00 55 75
2 0 0 0.00 0.00 0.00 55 60
3 4 2 0.00 4.72 2.80 80 118
4 0 0 0.00 0.00 0.00 55 60
5 0 0 0.00 0.00 0.00 50 50
1 0 0 0.00 0.00 0.00 55 70
2 0 0 0.00 0.00 0.00 55 60
3 0 0 0.00 0.00 0.00 55 60
4 0 0 0.00 0.00 0.00 55 60
5 0 0 0.00 0.00 0.00 50 50
1 0 0 0.00 0.00 0.00 55 70
2 0 0 0.00 0.00 0.00 55 55
3 0 0 0.00 0.00 0.00 55 65
4 0 0 0.00 0.00 0.00 55 60
5 0 0 0.00 0.00 0.00 55 65
1 0 0 0.00 0.00 0.00 55 75
2 0 0 0.00 0.00 0.00 55 60
3 0 0 0.00 0.00 0.00 55 60
4 0 0 0.00 0.00 0.00 55 55
5 0 0 0.00 0.00 0.00 50 70
1 0 0 0.00 0.00 0.00 55 75
2 0 0 0.00 0.00 0.00 55 60
3 0 0 0.00 0.00 0.00 55 55
4 0 0 0.00 0.00 0.00 55 60
5 0 0 0.00 0.00 0.00 50 50
1 0 0 0.00 0.00 0.00 55 70
2 0 0 0.00 0.00 0.00 55 60
3 0 0 0.00 0.00 0.00 60 60
4 0 0 0.00 0.00 0.00 55 60
5 0 0 0.00 0.00 0.00 50 50
1 0 0 0.00 0.00 0.00 55 70
2 0 0 0.00 0.00 0.00 55 60
3 0 0 0.00 0.00 0.00 50 60
4 0 0 0.00 0.00 0.00 55 60
5 0 0 0.00 0.00 0.00 50 50
1 0 0 0.00 0.00 0.00 55 70
2 0 0 0.00 0.00 0.00 50 50
3 0 0 0.00 0.00 0.00 55 60
4 0 0 0.00 0.00 0.00 55 60
5 0 0 0.00 0.00 0.00 50 50
1 0 0 0.00 0.00 0.00 55 75
2 0 0 0.00 0.00 0.00 55 55
3 0 0 0.00 0.98 0.84 65 85
4 0 0 0.00 0.00 0.00 55 55
5 0 0 0.00 0.00 0.00 50 60
1 0 0 0.00 0.00 0.00 55 70
2 0 0 0.00 0.00 0.00 55 60
3 0 0 0.00 0.00 0.00 55 55
4 0 0 0.00 0.00 0.00 55 60
5 0 0 0.00 0.00 0.00 55 50
1 0 0 0.00 0.00 0.00 55 75
2 0 0 0.00 0.00 0.00 55 60
3 0 0 0.00 0.00 0.00 55 60
4 0 0 0.00 0.00 0.00 55 60
5 0 0 0.00 0.00 0.00 50 50
1 0 0 0.00 0.00 0.00 55 75
2 0 0 0.00 0.00 0.00 55 60
3 0 0 0.00 0.00 0.00 55 60
4 0 0 0.00 0.00 0.00 55 60
5 0 0 0.00 0.00 0.00 50 50
1 0 0 0.00 0.00 0.00 55 75
2 0 0 0.00 0.00 0.00 55 60
3 466 37 0.00 471.90 38.75 762 352
4 0 0 0.00 0.00 0.00 55 60
5 0 0 0.00 0.00 0.00 50 55
1 0 0 0.00 0.00 0.00 50 50
2 0 0 0.00 0.00 0.00 55 55
3 63 67 0.00 65.19 68.74 226 569
4 0 0 0.00 0.00 0.00 55 55
5 0 0 0.00 0.00 0.00 50 65
1 0 0 0.00 0.00 0.00 55 70
2 0 0 0.00 0.00 0.00 55 60
3 4 14 0.00 5.50 15.48 120 277
4 0 0 0.00 0.00 0.00 55 60
5 0 0 0.00 0.00 0.00 50 50
1 0 0 0.00 0.00 0.00 55 70
2 0 0 0.00 0.00 0.00 55 60
3 0 0 0.00 0.00 0.00 55 60
4 0 0 0.00 0.00 0.00 55 60
5 0 0 0.00 0.00 0.00 50 50
1 0 0 0.00 0.00 0.00 55 75
2 0 0 0.00 0.00 0.00 60 68
3 0 0 0.00 0.00 0.00 55 60
4 0 0 0.00 0.00 0.00 55 60
5 0 0 0.00 0.00 0.00 55 50
1 0 0 0.00 0.00 0.00 55 70
2 0 0 0.00 0.00 0.00 55 60
3 0 0 0.00 0.00 0.00 55 60
4 0 0 0.00 0.00 0.00 55 60
5 0 0 0.00 0.00 0.00 50 50
1 0 0 0.00 0.00 0.00 55 75
2 0 0 0.00 0.00 0.00 55 55
3 0 0 0.00 0.00 0.00 55 60
4 0 0 0.00 0.00 0.00 50 50
5 0 0 0.00 0.00 0.00 50 60
1 0 0 0.00 0.00 0.00 55 70
2 0 0 0.00 0.00 0.00 55 60
3 0 0 0.00 0.00 0.00 55 55
4 0 0 0.00 0.00 0.00 55 55
5 0 0 0.00 0.00 0.00 55 50
1 0 0 0.00 0.00 0.00 55 70
2 0 0 0.00 0.00 0.00 55 60
3 0 0 0.00 0.00 0.00 55 60
4 0 0 0.00 0.00 0.00 55 60
5 0 0 0.00 0.00 0.00 50 50
1 0 0 0.00 0.00 0.00 55 75
2 0 0 0.00 0.00 0.00 60 68
3 0 0 0.00 0.00 0.00 55 60
4 0 0 0.00 0.00 0.00 55 60
5 0 0 0.00 0.00 0.00 50 50
1 0 0 0.00 0.00 0.00 55 70
2 0 0 0.00 0.00 0.00 55 60
3 0 0 0.00 0.00 0.00 55 60
4 0 0 0.00 0.00 0.00 55 60
5 0 0 0.00 0.00 0.00 50 50
1 0 0 0.00 0.00 0.00 55 75
2 0 0 0.00 0.00 0.00 55 60
3 0 0 0.00 0.00 0.00 55 60
4 0 0 0.00 0.72 0.63 65 75
5 0 0 0.00 0.00 0.00 50 55
1 0 0 0.00 0.00 0.00 55 70
2 0 0 0.00 0.00 0.00 55 55
3 1 1 0.00 1.40 1.41 75 75
4 0 0 0.00 0.00 0.00 55 55
5 0 0 0.00 0.00 0.00 50 50
1 0 0 0.00 0.00 0.00 55 75
2 0 0 0.00 0.00 0.00 55 60
3 0 0 0.00 0.00 0.00 55 60
4 0 0 0.00 0.00 0.00 55 60
5 0 0 0.00 0.00 0.00 50 50
1 0 0 0.00 0.00 0.00 55 70
2 0 0 0.00 0.00 0.00 55 60
3 0 0 0.00 0.00 0.00 55 60
4 0 0 0.00 0.00 0.00 55 60
5 0 0 0.00 0.00 0.00 50 50
1 0 0 0.00 0.00 0.00 55 70
2 0 0 0.00 0.00 0.00 55 60
3 0 0 0.00 0.00 0.00 55 60
4 0 0 0.00 0.00 0.00 55 60
5 0 0 0.00 0.00 0.00 55 55
1 0 0 0.00 0.00 0.00 55 75
2 0 0 0.00 0.00 0.00 55 60
3 0 0 0.00 0.00 0.00 55 75
4 2 0 255.00 2.66 0.63 65 70
5 0 0 0.00 0.00 0.00 50 75
1 0 0 0.00 0.00 0.00 55 75
2 0 0 0.00 0.00 0.00 55 60
3 0 0 0.00 0.00 0.00 55 60
4 448 380 1076.00 457.14 388.85 851 2417
5 0 0 0.00 0.00 0.00 50 60
1 0 0 0.00 0.00 0.00 55 70
2 0 0 0.00 0.00 0.00 55 60
3 0 0 0.00 1.13 1.06 75 84
4 0 0 0.00 0.95 0.78 70 60
5 0 0 0.00 0.00 0.00 50 50
1 0 0 0.00 0.00 0.00 50 50
2 0 0 0.00 0.00 0.00 55 60
3 0 0 0.00 0.00 0.00 55 60
4 0 0 0.00 0.00 0.00 55 60
5 0 0 0.00 0.00 0.00 50 50
1 0 0 0.00 0.00 0.00 55 70
2 0 0 0.00 0.00 0.00 55 60
3 0 0 0.00 0.00 0.00 55 60
4 0 0 0.00 0.00 0.00 55 60
5 0 0 0.00 0.00 0.00 50 50
1 0 0 0.00 0.00 0.00 55 75
2 0 0 0.00 0.00 0.00 55 55
3 0 0 0.00 0.00 0.00 55 60
4 0 0 0.00 0.00 0.00 55 60
5 0 0 0.00 0.00 0.00 50 70
1 0 0 0.00 0.00 0.00 55 75
2 0 0 0.00 0.00 0.00 55 60
3 0 0 0.00 0.00 0.00 55 65
4 0 0 0.00 0.00 0.00 55 55
5 0 0 0.00 0.00 0.00 55 65
1 0 0 0.00 0.00 0.00 55 70
2 0 0 0.00 0.00 0.00 55 60
3 0 0 0.00 0.00 0.00 55 60
4 0 0 0.00 0.00 0.00 55 60
5 0 0 0.00 0.00 0.00 50 50
1 0 0 0.00 0.00 0.00 55 75
2 0 0 0.00 0.00 0.00 55 60
3 0 0 0.00 0.00 0.00 55 60
4 0 0 0.00 0.00 0.00 55 60
5 0 0 0.00 0.00 0.00 50 50
1 0 0 0.00 0.00 0.00 55 70
2 0 0 0.00 0.00 0.00 55 60
3 0 0 0.00 0.00 0.00 55 60
4 0 0 0.00 0.00 0.00 55 60
5 0 0 0.00 0.00 0.00 55 50
1 0 0 0.00 0.00 0.00 55 75
2 0 0 0.00 0.00 0.00 55 55
3 0 0 0.00 0.00 0.00 55 60
4 0 0 0.00 0.00 0.00 55 60
5 0 0 0.00 0.00 0.00 50 60
1 0 0 0.00 0.00 0.00 55 75
2 0 0 0.00 0.00 0.00 55 60
3 0 0 0.00 0.00 0.00 50 60
4 0 0 0.00 0.00 0.00 55 55
5 0 0 0.00 0.00 0.00 55 65
1 0 0 0.00 0.00 0.00 55 70
2 0 0 0.00 0.00 0.00 55 60
3 0 0 0.00 0.00 0.00 55 55
4 0 0 0.00 0.00 0.00 55 60
5 0 0 0.00 0.00 0.00 50 50
1 0 0 0.00 0.00 0.00 55 70
2 0 0 0.00 0.00 0.00 55 60
3 0 0 0.00 0.00 0.00 55 60
4 0 0 0.00 0.00 0.00 55 60
5 0 0 0.00 0.00 0.00 50 50
1 0 0 0.00 0.00 0.00 55 75
2 0 0 0.00 0.00 0.00 55 60
3 0 0 0.00 0.00 0.00 55 60
4 0 0 0.00 0.00 0.00 55 60
5 0 0 0.00 0.00 0.00 50 50
1 0 0 0.00 0.00 0.00 55 75
2 0 0 0.00 0.00 0.00 55 55
3 0 0 0.00 0.00 0.00 60 65
4 0 0 0.00 0.00 0.00 55 60
5 0 0 0.00 0.00 0.00 50 55
1 0 0 0.00 0.00 0.00 55 70
2 0 0 0.00 0.00 0.00 55 60
3 0 0 0.00 0.00 0.00 55 60
4 0 0 0.00 0.00 0.00 55 55
5 0 0 0.00 0.00 0.00 50 55
1 0 0 0.00 0.00 0.00 55 75
2 0 0 0.00 0.00 0.00 55 60
3 0 0 0.00 0.00 0.00 50 55
4 0 0 0.00 0.00 0.00 55 60
5 0 0 0.00 0.00 0.00 55 50
1 0 0 0.00 0.00 0.00 55 75
2 0 0 0.00 0.00 0.00 55 60
3 0 0 0.00 0.00 0.00 55 60
4 0 0 0.00 0.00 0.00 55 60
5 0 0 0.00 0.00 0.00 50 50
1 0 0 0.00 0.00 0.00 55 75
2 0 0 0.00 0.00 0.00 55 60
3 0 0 0.00 0.00 0.00 55 60
4 0 0 0.00 0.00 0.00 55 60
5 0 0 0.00 0.00 0.00 50 50
1 0 0 0.00 0.00 0.00 55 70
2 0 0 0.00 0.00 0.00 55 55
3 0 0 0.00 0.00 0.00 55 70
4 0 0 0.00 0.00 0.00 55 60
5 0 0 0.00 0.00 0.00 50 60
1 0 0 0.00 0.00 0.00 55 75
2 0 0 0.00 0.00 0.00 55 60
3 0 0 0.00 0.00 0.00 55 60
4 0 0 0.00 0.00 0.00 55 55
5 0 0 0.00 0.00 0.00 55 55
1 0 0 0.00 0.00 0.00 55 75
2 0 0 0.00 0.00 0.00 55 60
3 0 0 0.00 0.00 0.00 55 55
4 0 0 0.00 0.00 0.00 55 60
5 0 0 0.00 0.00 0.00 50 50
1 0 0 0.00 0.00 0.00 55 75
2 0 0 0.00 0.00 0.00 55 60
3 0 0 0.00 0.00 0.00 55 60
4 0 0 0.00 0.00 0.00 55 60
5 0 0 0.00 0.00 0.00 50 50
1 0 0 0.00 0.00 0.00 55 70
2 0 0 0.00 0.00 0.00 55 60
3 0 0 0.00 0.00 0.00 55 60
4 0 0 0.00 0.00 0.00 55 60
5 0 0 0.00 0.00 0.00 50 50
1 0 0 0.00 0.00 0.00 55 75
2 0 0 0.00 0.00 0.00 55 55
3 0 0 0.00 0.00 0.00 55 60
4 0 0 0.00 0.00 0.00 55 60
5 0 0 0.00 0.00 0.00 50 50
1 0 0 0.00 0.00 0.00 55 75
2 0 0 0.00 0.00 0.00 55 60
3 0 0 0.00 0.00 0.00 55 60
4 0 0 0.00 0.00 0.00 55 55
5 0 0 0.00 0.00 0.00 50 50
1 0 0 0.00 0.00 0.00 55 75
2 0 0 0.00 0.00 0.00 55 60
3 0 0 0.00 0.00 0.00 55 55
4 0 0 0.00 0.00 0.00 55 60
5 0 0 0.00 0.00 0.00 50 50
1 0 0 0.00 0.00 0.00 55 70
2 0 0 0.00 0.00 0.00 55 60
3 0 0 0.00 0.00 0.00 55 60
4 0 0 0.00 0.00 0.00 55 60
5 0 0 0.00 0.00 0.00 50 50
1 0 0 0.00 0.00 0.00 55 75
2 0 0 0.00 0.00 0.00 55 60
3 0 0 0.00 0.00 0.00 55 60
4 0 0 0.00 0.00 0.00 55 60
5 0 0 0.00 0.00 0.00 50 50
1 0 0 0.00 0.00 0.00 55 75
2 0 0 0.00 0.00 0.00 50 50
3 0 0 0.00 0.00 0.00 55 60
4 0 0 0.00 0.00 0.00 55 60
5 0 0 0.00 0.00 0.00 50 50
1 0 0 0.00 0.00 0.00 55 75
2 0 0 0.00 0.00 0.00 55 55
3 0 0 0.00 0.00 0.00 55 60
4 0 0 0.00 0.00 0.00 55 55
5 0 0 0.00 0.00 0.00 50 50
1 0 0 0.00 0.00 0.00 55 70
2 0 0 0.00 0.00 0.00 55 60
3 0 0 0.00 0.00 0.00 55 55
4 0 0 0.00 0.00 0.00 55 60
5 0 0 0.00 0.00 0.00 50 50
1 0 0 0.00 0.00 0.00 50 50
2 0 0 0.00 0.00 0.00 55 60
3 0 0 0.00 0.00 0.00 55 60
4 0 0 0.00 0.00 0.00 55 60
5 0 0 0.00 0.00 0.00 50 50
1 0 0 0.00 0.00 0.00 55 70
2 0 0 0.00 0.00 0.00 55 60
3 0 0 0.00 0.00 0.00 55 60
4 0 0 0.00 0.00 0.00 55 60
5 0 0 0.00 0.00 0.00 55 50
1 0 0 0.00 0.00 0.00 55 70
2 0 0 0.00 0.00 0.00 55 60
3 0 0 0.00 0.00 0.00 55 60
4 0 0 0.00 0.00 0.00 55 60
5 0 0 0.00 0.00 0.00 50 50
1 0 0 0.00 0.00 0.00 55 70
2 5 0 0.00 6.16 0.05 83 230
3 0 0 0.00 0.00 0.00 60 65
4 0 0 0.00 0.00 0.00 55 60
5 0 0 0.00 0.00 0.00 50 65
1 0 0 0.00 0.00 0.00 55 75
2 0 0 0.00 0.00 0.00 55 55
3 0 0 0.00 0.00 0.00 50 55
4 44 70 0.00 46.10 71.93 194 595
5 0 0 0.00 0.00 0.00 50 50
1 0 0 0.00 0.00 0.00 55 75
2 0 0 0.00 0.00 0.00 55 60
3 0 0 0.00 0.00 0.00 55 60
4 0 0 0.00 0.00 0.00 55 60
5 0 0 0.00 0.00 0.00 50 50
1 0 0 0.00 0.00 0.00 55 70
2 0 0 0.00 0.00 0.00 55 60
3 0 0 0.00 0.00 0.00 55 60
4 0 0 0.00 0.00 0.00 55 60
5 0 0 0.00 0.00 0.00 50 50
1 0 0 0.00 0.00 0.00 55 70
2 0 0 0.00 0.00 0.00 55 60
3 0 0 0.00 0.00 0.00 55 60
4 0 0 0.00 0.00 0.00 55 60
5 0 0 0.00 0.00 0.00 55 50
1 0 0 0.00 0.00 0.00 55 75
2 0 0 0.00 0.00 0.00 55 55
3 0 0 0.00 0.00 0.00 55 60
4 0 0 0.00 0.00 0.00 50 50
5 0 0 0.00 0.00 0.00 50 65
1 0 0 0.00 0.00 0.00 55 75
2 0 0 0.00 0.00 0.00 55 60
3 0 0 0.00 0.00 0.00 60 55
4 0 0 0.00 0.00 0.00 55 55
5 0 0 0.00 0.00 0.00 55 50
1 0 0 0.00 0.00 0.00 55 70
2 0 0 0.00 0.00 0.00 55 60
3 0 0 0.00 0.00 0.00 50 60
4 0 0 0.00 0.00 0.00 55 55
5 0 0 0.00 0.00 0.00 50 50
1 0 0 0.00 0.00 0.00 55 75
2 0 0 0.00 0.00 0.00 55 60
3 38 18 2112.21 39.03 19.52 146 315
4 0 0 0.00 0.00 0.00 55 60
5 0 0 0.00 0.00 0.00 50 50
1 0 0 0.00 0.00 0.00 55 67
2 0 0 0.00 0.00 0.00 55 60
3 0 2 0.00 0.76 2.66 70 109
4 0 0 0.00 0.00 0.00 55 60
5 0 0 0.00 0.00 0.00 50 50
1 0 0 0.00 0.00 0.00 55 62
2 0 0 0.00 0.00 0.00 55 55
3 0 0 0.00 0.00 0.00 55 60
4 0 0 0.00 0.00 0.00 55 60
5 0 0 0.00 0.00 0.00 50 55
1 0 0 0.00 0.00 0.00 55 62
2 0 0 0.00 0.00 0.00 55 60
3 12 1 0.00 12.36 1.74 96 90
4 0 0 0.00 0.00 0.00 55 55
5 0 0 0.00 0.00 0.00 50 55
1 0 0 0.00 0.00 0.00 55 67
2 0 0 0.00 0.00 0.00 55 60
3 0 0 0.00 0.00 0.00 55 60
4 0 0 0.00 0.00 0.00 55 60
5 0 0 0.00 0.00 0.00 55 55
1 0 0 0.00 0.00 0.00 55 62
2 0 0 0.00 0.00 0.00 55 60
3 0 0 0.00 0.00 0.00 55 60
4 0 0 0.00 0.00 0.00 55 60
5 0 0 0.00 0.00 0.00 50 50
1 0 0 0.00 0.00 0.00 50 50
2 0 0 0.00 0.00 0.00 55 60
3 0 0 81.00 0.76 0.46 70 75
4 0 0 0.00 0.00 0.00 55 60
5 0 0 0.00 0.00 0.00 50 50
1 0 0 0.00 0.00 0.00 55 62
2 0 0 0.00 0.00 0.00 55 55
3 0 0 0.00 0.02 0.41 60 65
4 0 0 0.00 0.00 0.00 55 60
5 0 0 0.00 0.00 0.00 50 70
1 0 0 0.00 0.00 0.00 55 67
2 0 0 0.00 0.00 0.00 55 60
3 0 0 0.00 0.00 0.00 55 55
4 0 0 0.00 0.00 0.00 55 55
5 0 0 0.00 0.00 0.00 50 50
1 0 0 0.00 0.00 0.00 55 62
2 0 0 0.00 0.00 0.00 55 60
3 0 0 0.00 0.39 0.43 65 70
4 0 0 0.00 0.00 0.00 55 60
5 0 0 0.00 0.00 0.00 50 50
1 0 0 0.00 0.00 0.00 55 67
2 0 0 0.00 0.00 0.00 55 60
3 0 0 0.00 0.00 0.00 55 60
4 0 0 0.00 0.00 0.00 55 60
5 0 0 0.00 0.00 0.00 50 50
1 0 0 0.00 0.00 0.00 55 67
2 0 0 0.00 0.00 0.00 55 60
3 380 89 1429.65 390.68 91.66 694 806
4 0 0 0.00 0.00 0.00 55 60
5 0 0 0.00 0.00 0.00 55 50
1 0 0 0.00 0.00 0.00 55 62
2 0 0 0.00 0.00 0.00 55 55
3 22 37 0.00 23.80 39.40 154 496
4 0 0 0.00 0.00 0.00 55 60
5 0 0 0.00 0.00 0.00 50 50
1 0 0 0.00 0.00 0.00 55 62
2 0 0 0.00 0.00 0.00 55 60
3 4 14 0.00 5.26 15.46 135 279
4 2 0 467.00 2.77 0.80 65 76
5 0 0 0.00 0.00 0.00 50 50
